Arquitetura: {"hidden_layer_size": [6], "max_iter": 12800, "activation": "tanh", "solver": "adam", "n_iter_no_change": 50}
Media: 8374.228754633888
Desvio: 2793.350540796388