Arquitetura: {"hidden_layer_size": [6, 6, 6, 4, 4, 4], "max_iter": 3200, "activation": "identity", "solver": "adam", "n_iter_no_change": 1000}
Media: 33.94416095751817
Desvio: 11.314720319172727