Arquitetura: {"hidden_layer_size": [4, 4, 4, 2], "max_iter": 800, "activation": "relu", "solver": "adam", "n_iter_no_change": 50}
Media: 6847.4753620861375
Desvio: 2307.182461977743