Arquitetura: {"hidden_layer_size": [32], "max_iter": 6400, "activation": "identity", "solver": "adam", "n_iter_no_change": 1000}
Media: 0.011453443103257795
Desvio: 0.003817814367752598