Arquitetura: {"hidden_layer_size": [16, 2], "max_iter": 800, "activation": "relu", "solver": "adam", "n_iter_no_change": 1000}
Media: 12.79873801619966
Desvio: 18.69901503152144